Protein	10Y_1	10Y_2	4Y_1	4Y_2	1Y_1	1Y_2
O75694	53116.4	52209.4	54610.4	55441.6	54378.7	58836.6
O75695	8777.11	5433.85	5892.12	9464.45	9909.57	3150.7
O75717	41686.2	35716.9	44004.9	41643.7	41314.7	42021.9
O75718	49601.4	43670.3	47236.8	48887.2	51890.2	47356.9
O75746	27734.8	19538.1	31790.3	35511.3	36899.7	39520
O75764	2722.34	2545.46	2765.62	2179.31	645.211	3818.5
O75771	2193.64	1515.43	1492.64	2947.06	2270.2	2067.71
O75781	2207.78	3961	4392.65	3803.33	3341.86	2511.21
O75787	10017.2	9850.88	8939.16	9238.86	9588.94	8291.52
O75792	31660.2	39691.5	36284	37109.7	30230.7	31930
O75794	42141.7	38904.3	44770	42228.3	49531.4	45220.2
O75808	765.331	4076.54	1356.58	2350.65	2270.19	3891.11
O75817	28295.5	21065.3	26014.2	27762.8	27422.1	26165.5
O75818	23595.6	29273.9	33782	32202.4	35722.6	36810
O75821	297981	255443	315388	331843	297874	288144
O75822	231873	214133	257147	253020	226724	219713
O75828	45516.4	51563.8	50409.7	58217.1	30054.3	39788.8
O75832	79255.1	63989.2	84272	79452.5	80108.8	83975.4
O75843	17450.5	15161.1	12128.8	16375.8	16724.1	15848
O75844	35673.2	38067.6	45130.1	48097.3	52247.5	50109.1
O75864	2303.65	1990.5	1834.17	2700.69	1969.61	2470.04
O75874	117278	111060	121262	116210	117947	116486
O75879	29223.5	30906.2	34420.8	33040.5	31153.8	30982.5
O75880	31123.9	31940.1	30125.8	31298.1	30772.5	26549.2
O75882	2009.76	1569.4	1864.79	1130.67	1425.95	2331.6
O75884	34330.4	37362.3	34617.5	34958.8	41840.4	35664.2
O75886	12209.9	11518.8	13231.4	13764.8	14520	13593.8
O75891	15314.6	16675.8	21847.2	21177.7	25929.8	21741.1
O75896			2267.5		556.898	1866.24
O75907	689.479	87.0307	634.732	948.89	982.454	1359.97
O75909	52451.6	61143.9	64600.5	73089.5	65364.4	66266.5
O75911	7886.19	6907.6	7315.81	7075.61	6000.61	5155.8
O75914	74148.7	85941.1	88565.6	98800.6	90900.7	94305
O75915	137391	140095	140329	121247	147660	141488
O75923	29687.1		32274.9	41918.2	7996.32	5050.63
O75925	9557.98	7970.66	8220.75	11650	8851.12	9321.37
O75928	4477.24	6594.25	4966.11	3617.27	3505.9	3459.71
O75934	43889.2	36831.2	55722.2	52790.7	50377.1	48778.2
O75935	76199	61268.4	104333	97732.9	79190.9	71253.9
O75937	299636	249764	365825	347936	314073	281780
O75940	34696.8	31748.1	39171.3	42193.7	34518	34329.5
O75943	6039.69	7334.36	5560.16	5492.7	6337.86	8322.32
O75947	15985.8	17659	18049	19449.6	12812.8	15277.1
O75955	9701.44	9389.07	9938.76	12722.2	11545.8	11553.5
O75962	13052.9	8739.93	15725	13604	15633.8	13371.1
O75964	20598.4	17117.9	23244.6	27640.1	22044.1	21839.8
O75970	7086.48	7584.06	8338.84	7970.85	7820.57	8416.63
O75976	39440.1	39290.6	39446.3	42079.9	41830.2	41055.5
O75995	19643.2	15738.2	42435.8	45668.5	28811	26426.5
O76003	418876	395375	438470	419918	435816	439018
O76014		1327.89	2883	2517.22	2501.99	2231.42
O76021	44176.7	46051.6	51439	38267.7	44231.9	44226.9
O76024	11691.9	13202.7	14155.5	11882.5	13031.2	13428.4
O76031	119926	109431	124104	138801	134545	126756
O76039	61710.8	50115.6	89081.3	87001	92205.4	94164.2
O76041	709.995	630.92	1374.71	752.176	1006.61	734.131
O76054	6619.22	3421.36	7257.1	4708.2	3730.6	3867.8
O76061					3310.07	5591
O76064		2142.88		778.438	2018.25	1975.46
O76070	8821.57	3258.41	7532.32	6157.11	4421.35	4628.56
O76071	22830.5	26601.3	29017.7	28071.3	28651.5	29324.9
O76074	2761.13	2647.84	3303.54	3018.66	3713.75	2689.57
O76075	27877.1	23623	30321.4	22110.9	34222.1	29657.4
O76080	1752.48	1399.68	1938.21	1955.19	983.498	1473.54
O76094	94821.9	86122.4	110520	104309	105031	104705
O76095	6240.84	5223.51	15046.8	9200.26	14426.7	12383.9
O77932	7177.42	7017.57	11917.9	6311.75	9377.62	9080.76
O94760	49411.8	49499.6	54251.5	59304.6	51673	56234.1
O94761	38939	43081.9	58764.7	51236.1	45652.5	48594.7
O94762	6064.38	6444.91	7008.71	7307.96	6767.85	5956.82
O94763	18774.3	18999	24891.3	24012.3	23103	20601.2
O94766	6810.27	6946.21	3908.61	6517.41	6815.62	6260.08
O94768	2538.88	1512.21	1537.3	2211.66	1816.28	1632.64
O94776	155755	147111	159990	163930	156223	162502
O94778	2986.26	2786.72	3984.3	3299.81	2770.63	2409.56
O94782	455955	426721	366640	412188	458678	403802
O94788	406794	346806	394741	384276	435099	457308
O94804	14273.8	14429.8	12746.4	14435.1	12920.8	14365.8
O94805	6785.62			5960.55		
O94806	11795.5	12106	9741.51	11595.9	9443.29	11022.9
O94808	14448.9	13677.6	15849.7	12947.8	13732.8	12097.2
O94811	3300.02	6729.76	6586.31	5901.31	7414.37	5063.41
O94813	25723.5	33678.8	39072.1	25618.6	24548.3	28370.6
O94817	10937.8	12822.9	8605.57	10620.2	11147.9	10332.3
O94819	5223.35	4943.46	6831.71	6093.3	6629.45	7569.61
O94822	261240	252212	324534	305809	256232	265200
O94826	31199.1	36431.9	35703.1	40708.1	37534.1	37389.8
O94829	10392.3	10972.4	10920.3	11725	12189.7	13031.6
O94830	5759.19	6247.87	5773.93	6787.47	6179.46	6382.46
O94832	10255.2	8126.64	8534.33	9209.99	9113.9	7085.82
O94842	29875.9	26202.7	34766	31185.3	35706.5	32252.4
O94855	20367.4	19696.9	19033	19113.6	17112.2	18983.5
O94864	4821.24	10006.6	11555.5	9787.86	11584.4	9795.5
O94868	2318.49	1089.91	1781.82	3002.13	2509.92	1911.94
O94874	28009.7	24040.9	28455.6	24025	27321.4	25457.4
O94876			2530.41			
O94886	2955.93			2680.64	3208.26	3477.45
O94888	38424.9	38743.4	42509.6	41799.9	41193.3	42226.5
O94889	6949.86	7616.35	5917.48	6919.71	9092.12	5395.43
O94898				332.791	1849.67	1199.25
O94901	94523.2	97320.5	75269.5	71455.4	63630	54596.6
O94903	51391.3	52164.4	62868.3	58528	56227.3	55832.4
O94905	41089.8	40828.2	48892	48688.3	45257.7	44492.1
O94906	291615	280799	299241	311309	300414	298383
O94910	3780.12		2462.93	5469.71	2511.27	12380.1
O94913	40478.5	39303.6	46270.6	40413.8	40738.3	43996.7
O94915	130553	107376	108801	117334	112365	109800
O94916	9377.6	8240.22	9032.74	10274.5	10666.2	8323.77
O94919	9804.05	10052.4	10969	8752.62	12097.5	9652
O94923	3149.79		1722.71	1005.56	2923.19	
O94925	60398.5	68946.5	69487.2	77478.5	85323.3	84137.5
O94927	25034.3	22309.3	27670.6	25834.5	22706	24106.2
O94952		3476.16	3152.63	2807.56	1893.63	2702.97
O94953	4825.73	3660.31	6662.49	5394.65	6275.42	6057.31
O94964	5526.57	7223.07	5607.39	6486.28	2834.69	3153
O94966	16038.1	13748	17736.2	18808.3	16936.1	16564.4
O94967	5070.76	5144.62	5339.54	3528.39	4813.52	3583.87
O94972	3694.93	886.335	3260.12	2205.94	2306.27	1432.85
O94973	48264.5	45759	54387	54352.2	50776.8	49265.7
O94979	112483	117967	124002	123225	114121	114525
O94985	2533.52	3030.7	3131.86	2906.92	3560.18	4652.67
O94986	94388.3	95047.2	66450.1	67343.1	45167.5	39691.9
O94991	3360.2	8588.99	4203.37	5173.56	4762.13	6695.77
O94992	37227.3	44857.3	41732.3	44361.7	43343.5	45195.8
O95059	7009.6	1951.52	5587.42	6798.27	6266.74	6981.75
O95067	4321.97	4508.31	4812.75	5811.28	5335.6	5751.17
O95070	7892.41	5886.56	6410.84	7409.77	7870.49	8942.15
O95071	32761.3	32340.6	34269.6	36082.6	32033.9	32459.1
O95081	3836.26	4161.46	3110.67	2496.68	3916.3	3928.37
O95104	70760.4	68454.4	67067.3	63131.9	70059.5	63563.3
O95139	7794.08	9078.98	6298.42	7890.77	7307	4041.8
O95140	2953.12	1652	2524.34	1516.56	3102.11	3269.33
O95147	2317.59	1433.16	1125.15	2529.92	1113.56	2083.35
O95149	16759.4	18912.3	22099.3	15646.1	19172.1	20243.9
O95155	17766.2	16243.8	20241.6	20291.1	19844.8	18263.1
O95159	8485.17	7622.77	10538.3	10547.1	7812.39	7914.56
O95163	64553.7	65985	69866.9	71867.7	68593.6	68125.5
O95166	6718.6	4778.66	4997.18	12462.9	16696	14956.3
O95168	3008.88	5424.93	4142.92	4990.35	4859.98	4626.28
O95169	1775.4	3871.05	2665.44	3691.03	3193.11	3406.28
O95182			875.362		1167.01	895.483
O95185		83.7835	189.726	454.163	503.684	765.28
O95197	200620	223608	174288	198136	179235	182329
O95202	41334	39070	45131.4	41638.5	39770.1	42159.9
O95208	3385.06	4294.04	3614.16	4073.42	4307.65	4160.67
O95210	29069.3	70751.6	29318.2	28716.6	28888.1	22788.9
O95214	2086.62	2412.21	2793.31	2054.84	1693.62	2226.12
O95218	105565	82060.3	163827	150745	140556	130135
O95219	30022.6	25823.7	28245.7	27925.1	28188.1	29680.2
O95229	15991.5	13816.2	12231	12004.1	16661	17350.6
O95232	172612	148226	177126	172540	182084	194148
O95235	1699.89		2218.04	1546.24	1918.19	1228.81
O95239	34879.1	35082.5	39574.4	39808.5	42329.9	40973.3
O95243	3270.04			3572.89		1499.62
O95248	12115.8	12544.1	13844.3	13973.8	14707.2	14752.8
O95249	7623.23	6774.66	7575.91	6090.78	9258.75	9050.18
O95251	16989.1	14875.9	18462.6	19584.7	16365.5	21132.4
O95259	3108.86		6224.9	8467.98	10826.1	5480.83
O95260	9304.8	8333.37	10226	10618.4	9617.58	9738.4
O95271			2471.91		4349.08	
O95273			575.987	650.04	1167.71	1146.45
O95292	65731	62557.9	63447	68707.2	70808.6	70047.4
O95294	4208.81	6018.54	10504.2	14504.4	11781.2	13873.5
O95295	35208.4	34136.4	47115.5	43258.3	35631.9	36621
O95297	6440.85	5258.2	4934.72	4088.29	3451.21	4871.7
O95299	8460.88	10029.1	10072.9	7233.75	8065.87	8979.3
O95302	22785.8	22815	22240.1	28550.3	20838.5	17642.3
O95319	5736.67	3556.15	5179.55	5368.41	5488.48	9237.8
O95336	225606	219614	247337	231154	220464	230223
O95340	28594.4	25847.9	26814.8	31027.2	31881.3	26462.9
O95342	1343.37		930.033	1451.52	1024.77	466.57
O95347	133893	129960	152021	156885	138648	137969
O95352	39927.9	35145.5	46361.1	44394	45010.1	42964.4
O95359	4181.61	4376.35	3708.34	4931.35	5767.57	4155.21
O95363	7897.84	8845.04	8052.37	7849.8	9845	10469.2
O95372	52039.9	51492.5	49116.2	57927.5	51206	49248.1
O95373	226490	225277	270171	259508	249931	257390
O95376	21934.4	18601.7	19256.8	22302.9	25429.4	22083.2
O95379	3416.87	2000.33	3498.06	2929.48	4153.6	3540.86
O95382	339.343			1065.09	925.316	
O95391	8865.14	8523.35	11526.3	10170.9	11821.6	10767
O95394	83326.8	81672.9	94703.6	98124.8	97190.6	101365
O95396	11543.4	9367.71	11419.7	11141.5	10437.7	9903.48
O95400	84570.8	72050.3	109544	105229	95486.9	92926.7
O95402	6317.01	5879.15	7410.13	8003.14	7155.93	7431.17
O95405	9182.9	6684.18	12146.1	9454.04	9873.48	9993.32
O95425	8621.16	6562.21	9249.53	10836.7	8723	7726.93
O95429	9153.65	10438.5	11407.8	11549.2	13380.8	13514.7
O95433	265183	279490	286885	297803	276022	266078
O95453	15524.8	17216.9	18072.7	17924.5	15060.7	14942.1
O95455	1307.26	835.392	524.404	747.795	608.069	780.105
O95456	39519.7	33200.8	43970.2	46977.3	45356.9	44952.8
O95466	13617	21325.6	27248.7	19205.3	18386.5	12046.3
O95470	40732.4	39890.8	46041.1	42504.8	40046	47566.1
O95475	6804.38	5525.66	11132.3	10147.3	8852.3	7631.48
O95476	14655	8301.32	21919.9	15206.5	16931.8	19874.7
O95478	18367.6	21146.7	22880.7	21867.8	20976.5	21734.8
O95479	3055.88	3058.24	3924.12	3707.23	2927.64	3628.35
O95486	38629.7	31532.5	39116.3	38923.9	32219.2	29495.8
O95487	21022	21580.4	21065.7	22091.5	20320.9	22463.9
O95490	1859.32	2615.13	3191.61	3172.06	3834.93	2890.78
O95503	7026.38	7199.02	6599.94	7226.86	7267.87	7354.27
O95544	2407.79	2253.77	2391.35	2907.13	2250.71	2806.39
O95551	13817.9	15089.5	16628.9	16303.7	15040.7	15889
O95562	16683.6	14649.9	12074.9	14689.4	9678.3	11134.2
O95563	5712.45	4206.12	6650	3151.46	4632.35	7005.01
O95568	4872.39	6295.25	4572.48	5824.63	4260	4095.14
O95571	31747.4	27717.1	31433.5	31662.3	30452.2	31715.3
O95573	50589.7	50567.6	60805	57195.5	60005.7	52596.9
O95602	45809.5	51648.1	46808.4	50822.5	53765.2	49998.9
O95613	13030.7	11399.9	14709.5	14477.8	15085.8	15862.1
O95619	7625.16	8087.84	10216.4	10504.9	10238.2	8737.08
O95625	22882.1	20937.7	27191.2	25105.5	30774.7	26534.3
O95626	156223	159304		164706	93801	86650.9
O95628	11553.3	13405.1	14595	14192.2	10889.5	10446.7
O95630	51374.2	45400.9	42714.6	50778.7	54828.8	52389.1
O95639	10594.4	7408.8	15804.7	16107.5	13669.2	16225.6
O95644	8178	8683.95	5795.12	6291.99	5346.55	8845.8
O95671	3707.23	3975.97	4197.92	5189.28	4584.69	4804.19
O95674	4689.83	5939.67	4079.52	4343.37	6210.52	5418.36
O95677	2325.9	2854.21	2091.07	2540.93	2151.37	1710.48
O95678	122291	99402.3	38225.4	40294.2	92163.8	77017.3
O95684	23336.8	23728.5	22557.1	24837	24767.8	24111
O95685	3658.64	2947.37	4003.28	4984.34	4067.72	3480.73
O95707	12838.6	13919.6	14446	13546.2	14361	12951.1
O95714	15490.3	12242.1	12863.7	15054	12515	12222
O95716	9632.44	9674.7	6154.28	11002.4	9196.68	10484.1
O95718	4283.21	3026.18	2941.06	3788.78	3265.27	2876.89
O95721	42999.8	37387.7	50601.5	51803.3	44205.7	42231.4
O95747	105601	102530	101786	104694	103779	99908.9
O95749	16390.7	12984.7	18794.2	17485.5	21895.9	16894.7
O95757	210589	205063	220433	231687	219439	212876
O95758	11914.4	11857.2	12792.4	12435.7	12644.8	12771
O95772	23549.5	19597.6	24340.9	19640	19620.8	18612.4
O95777	148434	139890	142902	175525	159553	131927
O95782	90540.2	91362.9	94384.9	98645.2	93663.6	93796.9
O95785	7952.02	5600.48	9147.54	7479.31	5512.77	8023.08
O95789	993284	821266	1102260	1095790	404963	573006
O95793	50724.1	47365.6	53510.6	58332.4	52559.8	51716.5
O95801	49452.7	41797.4	49050.9	52732.6	44340.8	38495.7
O95807		162.884		484.832	695.597	
O95816	63659.4	56812	60143.2	61368.8	66753.3	57948.8
O95817	45830.9	42423.1	49121.9	52251.4	55754.9	54017.7
O95819	7230.25	8321.34	9855.8	8211.94	7357.38	7198.18
O95822	7685.09	6494.74	7328.49	8765.62	7323.29	8604.18
O95825	23732.5	26892.8	28125.4	26644.1	24707.7	24512.8
O95831	482535	462205	525421	511619	506371	506340
O95834	8232.59	8488.17	10474	9007.73	8404.46	7861.98
O95835	25043.7	23443	24562.3	27737.6	24924.1	23538.8
O95848	380.823	803.518	1077.02	1960.78	2077.79	1858.91
O95857	2834.55	4333.25		6538.93	4908.85	3705.65
O95858	2773.97		1965.55	4409.82	2205.45	2676.43
O95861	114058	112316	119799	121018	120840	120452
O95864	5516.64	5764.72	5696.25	5600.14	5414.18	5712.74
O95865	47057.7	42311.3	56174.3	51314.9	46948.9	44866.2
O95870	4005.26	4413.4	4649.08	3444.11	3176.72	2197.95
O95873	3079.4	852.182	3102.52	2453.34	4455.55	2929.51
O95881	292464	226140	321058	295706	263168	275555
O95900			4479.02	3281.76	2343.93	1619.87
O95905	8413.63	9844.85	11174	10337.7	11155.5	11576.7
O95983	46956.5	38345.8	64384.2	58518.3	66949	66011.9
O95985	10890	10442.2	12134.1	11993	12126.3	12621.4
O95989	55804.1	48434.4	65811.3	65809.8	67932.9	63708.1
O95997	2316.65	5478.73	1822.56	2547.95	7843.82	6621.23
O95999	16411.5	15061.6	18312.5	17294	13898.3	16026.5
O96000	7419.34	7510.48	6949.96	9424.03	6940.9	9631.05
O96005	11398	11920.5	11605.4	11609.8	10378.1	10155.8
O96006	8000.84	6194.15	7964.89	7637.95	5357.41	5541.81
O96007	9746.42	8068.83	13481.9	11501.1	14002.5	12666.6
O96008	17958.9	16154.5	19395.3	21596.4	19417.2	18332.6
O96011	6512.45	5719.33	5657.37	6467.16	7505.65	9426
O96013	24090.5	22943.1	24161	24670.5	24682.8	26231.1
O96015	870.346	710.499		1319.8	939.658	920.778
O96017	32421.2	28603.1	34348.1	35506.6	37363.6	38752.9
O96018	4926.04		1971.44	1782.25	2142.62	3563.43
O96019	58948.5	54433.4	60390.3	62998.7	50881.8	57770.1
O96020	20614.1	30167.5		25632.1	42439.2	18957
P00044	34535	49702.6	54863.4	52856.7	46074.6	
P00127	4202.49	4511.82	2625.29	5006.01	1228.21	899.982
P00128	10411	7259.09	5162.29	4753.71	2163.32	1555.54
P00156		4383.81	3050.83	4346.97	2147.52	2778.42
P00167	74564.2	48935.8	84709.4	79245.9	88207.8	83729.7
P00175	726031	709478	366979	339876	93619.3	88167.1
P00330	6646940	7181200	3911610	3802290	838389	855641
P00331	41560.8	29467.8	15890.8	10621.6	3769.15	4433.15
P00338	2204680	2185450	2483960	2347830	2287640	2206870
P00352	29372.4	32036.6	35110.5	24534.9	9821.43	14916.5
P00358	2196800	2479770	1116850	1114040	383422	400364
P00359	3722680	3420860	1839750	1849550	493132	511361
P00360	3881970	3518590	1734400	1744900	442548	386061
P00367	358982	330013	375071	359376	350914	334194
P00374	218573	243536	228449	241377	215876	230249
P00387	110598	110645	112788	118245	118518	112589
P00390	213964	196795	228989	222256	217556	216681
P00403	49816.6	40768.6	46129.3	56117.3	50440.1	51760.3
P00410	11141.3	9551.26	3932.69	4582.81	2073.69	
P00424	2298.08	2010.6	1221.05	1169.33	433.952	
P00425	9035.96	5744.71	4823.36	5544.31	69.5149	
P00427	28771.9	25079	14010.8	14038.9	3604.31	2704.48
P00431	21380.8	24016.4	10336.2	8788.07	2462.44	2073.54
P00441	653645	611076	896092	926918	978760	1011290
P00445	2726510	2659610	1525790	1407370	266064	247857
P00447	114436	110655	44532.6	45447.3	12122.4	11055.9
P00491	286666	277808	276638	271274	294813	305911
P00492	629505	599302	737275	707574	738018	706151
P00498	171634	171428	72747.7	70662.1	15332.1	17005.9
P00505	1030250	1017860	1167120	1186170	1074190	1091700
P00519	5268.89	4814.7	4491.58	5136.32	4477.39	5414.93
P00533	4526.51	9023.03	8078.83	4141.03	5696.55	5784.94
P00546	236420	231644	117677	116367	20946	33261.5
P00549	7654880	7491170	3861540	3889240	919968	906914
P00558	1591260	1445340	1605920	1574660	1359430	1318130
P00560	5157890	4933570	2464110	2421620	613622	621203
P00568	183172	168205	205960	190935	221245	209187
P00572	26439.2	18154.1	4852.88	9320.24	1462.06	2454.96
P00635	21509.1	23690.7	12686.5	11095.7	2199.42	4455.9
P00724	22510.3	17395.8	11646.6	11320	2263.49	2897.6
P00729	160456	169201	66873.1	60080.4	16429.8	18936.9
P00812	158543	149029	72062.8	73159.4	23908.2	23398
P00813	9673.08	8042.93	7605.65	8722.7	8196.15	8752.14
P00815	87656.7	87740.8	36510.8	40774.4	9074.43	9355.33
P00817	1354080	1249670	617149	613755	133317	119380
P00830	539344	518003	214051	227732	48939.2	50126.1
P00846	8829.51	8431.65	8856.76	8889.61	10321.8	11918.4
P00890	138962	134092	50224.1	51813.8	12084.2	14467.3
P00899	171882	146878	72802.3	69492.7	17740.4	19465.5
P00918	743880	669631	795746	796799	710785	770162
P00924	9484440	8943410	4301100	4404090	1090650	1131550
P00925	9899390	9434450	4729920	4641230	1143780	1108300
P00927	119202	125635	49333.9	48025.9	10695.5	11008.7
P00931	229590	230385	105502	97948.6	21721.5	21043.3
P00937	71823.2	72854.6	29630.3	30475.8	7509.09	11834.1
P00942	2218330	2155790	1213610	1267550	294308	272262
P00950	8229770	8376700	4499870	4258410	907791	971673
P00958	324249	308743	138244	132470	31071.8	32997.4
P00966	52562.2	43963.8	50013.2	50270	47548.9	43601.2
P01008	7661.18	7650.87	6339.86	12056.6	8762.7	4026.46
P01023	29690.7	25908.5	39398.7	39190.9	30061.6	31696.9
P01024	10311.6	8207.14	11190.4	13602.6	15103.5	13591.4
P01033	2434.89	3105.61	2737.09		1555.06	1805.27
P01034	5282.72	3609.41	3718.98	2382.75	3416	1938.53
P01040	18936.2	19631	9846.45	10761.1	15688.7	14599.3
P01098					3400.38	
P01111	61741.8	70339	83553.6	71496.9	84671.8	74466.8
P01112	11100	15036.9	11641.6	14611.8	6017.61	7437.83
P01119	26343.8	29189.8	17664.2	11952	3795.97	4361.1
P01120	55668.6	51864.3	24561	22641.2	5230.51	6744.32
P01123	431188	386726	167322	163695	39620.8	35247.9
P01130	5445.14	3114.17	6555.61	3887.71	3569.51	3435.03
P01137	5461.06	5236.69	7809.6	6741.73	7756.1	7185.45
P01834	339.824	215.505	151.395	196.116	822.136	200.613
P01857			1302.52	680.796	2631.24	1489.85
P01889	8687.75	8676.2	10090.8	8613.94	10794.4	11091.6
P02042	16801.4	10740	12117.2	10783.3	12852.3	14785.9
P02294	2334410	1986010	1382670	1211150	418598	383626
P02309	2798720	2790170	1225160	1201590	310907	292424
P02381	3376.72	2899.32	1727.48	1280.74	748.053	1819.29
P02400	2943320	2968100	1757090	1746030	394044	396630
P02406	3734490	3132550	2081910	2032370	476943	491722
P02407	2788640	2499390	1420660	1398940	337035	326016
P02462	4309.84	2031.03	1525.87	718.393	893.429	1507.71
P02533	74743.7	62150.9	48168.5	49453.3	90231.5	95495.5
P02538	27815.9	32477.4	10719.3	11071.4	14480.1	15160.8
P02545	76815.9	69419.4	78662.7	82757.4	68708.6	69652.5
P02557	488836	490238	230948	212186	46073.5	45632.8
P02647	15047.6	14321.7	11686.9	18921.8	17713.6	12650.7
P02649	3836.5	3181.13	2499.62	2391.02	2777.96	2731.12
P02656	926.581	1122.2	1318.2	1342.42	1427.2	1086.26
P02751	17083.6	21271.2	16289.3	18431.3	11734.1	11470.4
P02765	127542	110615	174775	169192	58961.2	38025.8
P02768	592053	569562	677730	664351	552280	491771
P02771	32835	29381.2	32617.3	32153.4	33838.6	37522.4
P02774	4974.72	4588.59	8421.86	6453.39	7996.14	6428.41
P02786	198146	196519	216549	201087	200296	196686
P02787	4339.88		3351.18	2414.02	2397.41	2481.29
P02788	70328.5	72957.4	101503	103774	93631	95399
P02792	9495.49	7528.09	8039.94	8758.68	6215.35	8295.69
P02794	31831	40184.1	52751.7	52669.6	63591.5	51378.6
P02829	4687830	4482290	2153360	2101750	541933	527407
P02992	772975	771963	361833	365079	99312.3	105458
P02994	6111690	6060060	3517150	3340350	819114	792184
P03871	48625.3	36386	20259	22290.7	5433.71	6115.3
P03872	47204	38666.9	21472	19202.5	4584.78	4724.59
P03886		2747.91	1742.2	3140.84	1991.68	1585.15
P03962	15128.3	14228.6	13059.1	15052.4	20456.4	14296.9
P03965	227859	209246	91011.5	90623.4	25665.5	24878.9
P04004	2495.27	4751.73	5030.24	2936.36	4068.16	5112.88
P04037	14551.2	24442.7	8778.52	13473.1	3511.31	3289.57
P04039		7656.55				
P04040	34167.3	31187	35484.5	37072.8	41467	43617
P04046	159982	155792	83683.5	79590.9	15642.7	19812.7
P04049	29527.2	23844.7	27105.2	32481.1	27109	25897.9
P04050	83772.3	84477.7	39017.2	38174.1	9704.15	11104.5
P04051	92898.1	78495.4	40999.4	48164.1	19204.6	20864.8
P04062	50284.9	48431	46867.3	51785.5	45031.6	49594.6
P04066	38942.2	38604.8	36348.7	40336	40574.2	40311.9
P04075	1677350	1562890	1762790	1782100	1666870	1709850
P04076	44476.3	45668.9	20331.8	20343.7	5815.66	5301.77
P04080	499800	428562	615998	570245	589382	589473
P04083	10042	9632.29	10332.9	11387.9	10656.1	9009.33
P04114	105863	118911	103625	111957	108081	125151
P04147	649439	637345	293089	299073	66604.5	67957
P04150	6453.24	5454.78	8538.52	7648.1	7936.79	7971.04
P04156	2063.21	3809.22	6045.88	2893.3	2323.63	3934.93
P04161	31596.4	31742.8	16887.6	14803.9	3828.61	4508.71
P04179	184656	175640	215414	212294	220219	207406
P04181	524077	460896	565744	578519	651841	622326
P04183	17199.6	22082.9	32144.1	26645.5	25442.1	27920.7
P38623	65838.8	52106.7	31494.4	33864.5	4990.16	7635.8
P38624	107236	95660.7	39302.8	43780.7	9791.08	9852.02
P38625	588844	582537	251077	244917	55869.4	51425.6
P38626	93199.5	81434.1	31234	35159	12113.4	9556.1
P38627	35370.2	29948.7	15231.5	15013.9	4078.19	4227.92
P38628	43331.4	37710	18864.4	20814	5731.25	5630.77
P38629	37295.6	34931	15939	16459.3	2709.69	
P38630	123727	105992	61776.9	60833.2	35699.9	24310.8
P38631	423755	403488	179117	182018	45111.1	43274.7
P38635	18496.1	16713.7	7211.81	8586.16	1281.26	2678.13
P38646	1415680	1403570	1497880	1455370	1355260	1316410
P38682	51943.7	52446.9	25118.1	27536.3	4561.62	5008.99
P38687	49657	48802.1	18229.6	22031.9	5207.63	6340.87
P38688	71998.1	77364.9	32028.1	37105.3	10435.1	11276.3
P38689	171408	157463	70989.5	75915.5	15921.5	17586.4
P38691	108217	113561	53135.5	66815.1		
P38692	185705	186614	83398.5	111244	26018	29052.1
P38693	368038	414107	182033	200742	29761.5	28697.3
P38694	48302.3	49737.5	24705.1	23780	7477.39	6346.29
P38695	43716.3	43342.5	18860.8	23689	4831.12	10940.9
P38697	715969	639923	269418	291684	72576.6	66372.2
P38698	97772.4	88299.3	32371.9	33465.6	7790.73	8560.88
P38701	2353390	2206660	1336970	1211220	276934	286275
P38703	33001.7	33418.4	6324.31	11950.5	1770.6	2975.64
P38705	48225.7	40060.5	58128.3	61096.4	39328	51376.4
P38707	778289	753410	335331	323739	74057	75072.5